knitr::opts_chunk$set(echo = TRUE)
dur_hablo_stressed = 466.524
dur_hablo_unstressed = 431.445
dur_o_stressed = 206.571
dur_o_unstressed = 112.002
int_o_stressed = 89.12363657574684
int_o_unstressed = 81.35578152786863
f0_o_stressed = 213.50404026286904
f0_o_unstressed = 79.6648661980173
a- = -35.079
dur_hablo_stressed = 466.524
dur_hablo_unstressed = 431.445
dur_o_stressed = 206.571
dur_o_unstressed = 112.002
int_o_stressed = 89.12363657574684
int_o_unstressed = 81.35578152786863
f0_o_stressed = 213.50404026286904
f0_o_unstressed = 79.6648661980173
a = -35.079
b = 94.569
c = 7.767855
d = 133.8392
